Shader: sigmoid
Input0: 1 2 3
Output: 0.731059 0.880797 0.952574
